Descriptive Statistics
                    preis    kilometer     leistung erstzulassung_jahr     mfk_jahr fahrzeughalter bewertung_durchschnitt
nbr.val      5.674900e+04 5.674900e+04 5.674900e+04       5.674900e+04 2.322300e+04   4.818300e+04           4.668500e+04
nbr.null     0.000000e+00 0.000000e+00 0.000000e+00       0.000000e+00 0.000000e+00   0.000000e+00           5.552000e+03
nbr.na       0.000000e+00 0.000000e+00 0.000000e+00       0.000000e+00 3.352600e+04   8.566000e+03           1.006400e+04
min          1.998000e+03 1.000000e-04 4.900000e+01       2.005000e+03 2.002000e+03   1.000000e+00           0.000000e+00
max          4.448000e+04 4.220000e+01 2.480000e+02       2.015000e+03 2.020000e+03   6.000000e+00           5.000000e+00
range        4.248200e+04 4.219990e+01 1.990000e+02       1.000000e+01 1.800000e+01   5.000000e+00           5.000000e+00
sum          9.482646e+08 2.590019e+05 5.047640e+06       1.141985e+08 4.683365e+07   5.689600e+04           1.748455e+05
median       1.784900e+04 2.483300e+00 8.100000e+01       2.014000e+03 2.017000e+03   1.000000e+00           4.250000e+00
mean         1.670980e+04 4.563990e+00 8.894677e+01       2.012343e+03 2.016693e+03   1.180831e+00           3.745219e+00
SE.mean      2.369673e+01 2.094052e-02 9.623676e-02       1.139869e-02 5.369911e-03   1.947979e-03           6.824484e-03
CI.mean.0.95 4.644574e+01 4.104355e-02 1.886246e-01       2.234149e-02 1.052538e-02   3.818064e-03           1.337609e-02
var          3.186656e+07 2.488475e+01 5.255817e+02       7.373400e+00 6.696572e-01   1.828362e-01           2.174288e+00
std.dev      5.645048e+03 4.988462e+00 2.292557e+01       2.715401e+00 8.183259e-01   4.275935e-01           1.474547e+00
coef.var     3.378285e-01 1.093005e+00 2.577448e-01       1.349373e-03 4.057762e-04   3.621123e-01           3.937144e-01
             bewertung_erreichbarkeit bewertung_zuverlaessigkeit bewertung_angebotsbeschreibung bewertung_kauferlebnis
nbr.val                  4.668500e+04               4.668500e+04                   4.668500e+04           4.668500e+04
nbr.null                 5.672000e+03               5.758000e+03                   5.733000e+03           6.954000e+03
nbr.na                   1.006400e+04               1.006400e+04                   1.006400e+04           1.006400e+04
min                      0.000000e+00               0.000000e+00                   0.000000e+00           0.000000e+00
max                      5.000000e+00               5.000000e+00                   5.000000e+00           5.000000e+00
range                    5.000000e+00               5.000000e+00                   5.000000e+00           5.000000e+00
sum                      1.782646e+05               1.751394e+05                   1.747932e+05           1.629348e+05
median                   4.330000e+00               4.320000e+00                   4.250000e+00           4.000000e+00
mean                     3.818456e+00               3.751514e+00                   3.744097e+00           3.490088e+00
SE.mean                  6.974346e-03               7.109032e-03                   6.946589e-03           7.611494e-03
CI.mean.0.95             1.366982e-02               1.393381e-02                   1.361542e-02           1.491864e-02
var                      2.270828e+00               2.359382e+00                   2.252789e+00           2.704688e+00
std.dev                  1.506927e+00               1.536028e+00                   1.500929e+00           1.644594e+00
coef.var                 3.946430e-01               4.094421e-01                   4.008789e-01           4.712183e-01
             anzahl_bewertungen prozentsatz_weiterempfehlungen          age
nbr.val            4.668500e+04                   4.668500e+04 5.674900e+04
nbr.null           5.552000e+03                   6.191000e+03 0.000000e+00
nbr.na             1.006400e+04                   1.006400e+04 0.000000e+00
min                0.000000e+00                   0.000000e+00 1.000000e+00
max                3.790000e+02                   1.000000e+02 1.300000e+02
range              3.790000e+02                   1.000000e+02 1.290000e+02
sum                4.424550e+05                   3.715569e+06 2.037803e+06
median             5.000000e+00                   9.800000e+01 1.700000e+01
mean               9.477455e+00                   7.958807e+01 3.590906e+01
SE.mean            7.744190e-02                   1.538915e-01 1.375111e-01
CI.mean.0.95       1.517873e-01                   3.016296e-01 2.695225e-01
var                2.799815e+02                   1.105622e+03 1.073083e+03
std.dev            1.673265e+01                   3.325089e+01 3.275795e+01
coef.var           1.765521e+00                   4.177874e-01 9.122476e-01
