Descriptive Statistics of DealerWRatingData
                    preis    kilometer     leistung erstzulassung_jahr     mfk_jahr fahrzeughalter bewertung_durchschnitt
nbr.val      4.136500e+04 4.136500e+04 4.136500e+04       4.136500e+04 1.489600e+04   3.732400e+04           4.136500e+04
nbr.null     0.000000e+00 0.000000e+00 0.000000e+00       0.000000e+00 0.000000e+00   0.000000e+00           0.000000e+00
nbr.na       0.000000e+00 0.000000e+00 0.000000e+00       0.000000e+00 2.646900e+04   4.041000e+03           0.000000e+00
min          2.299000e+03 1.000000e-04 5.500000e+01       2.005000e+03 2.002000e+03   1.000000e+00           1.000000e+00
max          4.447000e+04 3.920000e+01 2.480000e+02       2.015000e+03 2.019000e+03   6.000000e+00           5.000000e+00
range        4.217100e+04 3.919990e+01 1.930000e+02       1.000000e+01 1.700000e+01   5.000000e+00           4.000000e+00
sum          7.219119e+08 1.511660e+05 3.645262e+06       8.326539e+07 3.004312e+07   4.183800e+04           1.757459e+05
median       1.827000e+04 1.940000e+00 8.100000e+01       2.014000e+03 2.017000e+03   1.000000e+00           4.330000e+00
mean         1.745224e+04 3.654443e+00 8.812431e+01       2.012943e+03 2.016858e+03   1.120941e+00           4.248661e+00
SE.mean      2.499123e+01 2.096005e-02 1.011375e-01       1.123404e-02 6.347200e-03   1.855498e-03           2.763337e-03
CI.mean.0.95 4.898335e+01 4.108214e-02 1.982317e-01       2.201896e-02 1.244129e-02   3.636827e-03           5.416199e-03
var          2.583499e+07 1.817262e+01 4.231144e+02       5.220413e+00 6.001143e-01   1.285018e-01           3.158644e-01
std.dev      5.082813e+03 4.262936e+00 2.056975e+01       2.284822e+00 7.746705e-01   3.584715e-01           5.620181e-01
coef.var     2.912413e-01 1.166508e+00 2.334174e-01       1.135065e-03 3.840977e-04   3.197951e-01           1.322812e-01
             bewertung_erreichbarkeit bewertung_zuverlaessigkeit bewertung_angebotsbeschreibung bewertung_kauferlebnis
nbr.val                  4.136500e+04               4.136500e+04                   4.136500e+04           4.136500e+04
nbr.null                 1.150000e+02               2.310000e+02                   1.610000e+02           1.361000e+03
nbr.na                   0.000000e+00               0.000000e+00                   0.000000e+00           0.000000e+00
min                      0.000000e+00               0.000000e+00                   0.000000e+00           0.000000e+00
max                      5.000000e+00               5.000000e+00                   5.000000e+00           5.000000e+00
range                    5.000000e+00               5.000000e+00                   5.000000e+00           5.000000e+00
sum                      1.792293e+05               1.760245e+05                   1.757613e+05           1.642512e+05
median                   4.420000e+00               4.400000e+00                   4.330000e+00           4.180000e+00
mean                     4.332872e+00               4.255398e+00                   4.249035e+00           3.970777e+00
SE.mean                  2.873388e-03               3.556592e-03                   3.075453e-03           5.331050e-03
CI.mean.0.95             5.631902e-03               6.970997e-03                   6.027953e-03           1.044897e-02
var                      3.415244e-01               5.232403e-01                   3.912471e-01           1.175597e+00
std.dev                  5.844009e-01               7.233535e-01                   6.254975e-01           1.084250e+00
coef.var                 1.348761e-01               1.699849e-01                   1.472093e-01           2.730573e-01
             anzahl_bewertungen prozentsatz_weiterempfehlungen          age
nbr.val            4.136500e+04                   4.136500e+04 4.136500e+04
nbr.null           0.000000e+00                   6.250000e+02 5.100000e+01
nbr.na             0.000000e+00                   0.000000e+00 0.000000e+00
min                1.000000e+00                   0.000000e+00 0.000000e+00
max                4.030000e+02                   1.000000e+02 1.300000e+02
range              4.020000e+02                   1.000000e+02 1.300000e+02
sum                4.670230e+05                   3.739057e+06 1.183623e+06
median             6.000000e+00                   1.000000e+02 1.400000e+01
mean               1.129029e+01                   9.039180e+01 2.861412e+01
SE.mean            9.000108e-02                   8.188070e-02 1.353643e-01
CI.mean.0.95       1.764040e-01                   1.604879e-01 2.653169e-01
var                3.350645e+02                   2.773295e+02 7.579513e+02
std.dev            1.830477e+01                   1.665321e+01 2.753092e+01
coef.var           1.621284e+00                   1.842337e-01 9.621445e-01
