Descriptive Statistics

                    preis    kilometer     leistung erstzulassung_jahr     mfk_jahr fahrzeughalter bewertung_durchschnitt
nbr.val      5.676000e+04 5.676000e+04 5.676000e+04       5.676000e+04 2.299200e+04   4.829900e+04           4.659000e+04
nbr.null     0.000000e+00 0.000000e+00 0.000000e+00       0.000000e+00 0.000000e+00   0.000000e+00           5.225000e+03
nbr.na       0.000000e+00 0.000000e+00 0.000000e+00       0.000000e+00 3.376800e+04   8.461000e+03           1.017000e+04
min          1.998000e+03 1.000000e-04 4.900000e+01       2.005000e+03 2.002000e+03   1.000000e+00           0.000000e+00
max          4.448000e+04 1.090150e+02 2.480000e+02       2.015000e+03 2.019000e+03   6.000000e+00           5.000000e+00
range        4.248200e+04 1.090149e+02 1.990000e+02       1.000000e+01 1.700000e+01   5.000000e+00           5.000000e+00
sum          9.350296e+08 2.595552e+05 5.048403e+06       1.142206e+08 4.636790e+07   5.712900e+04           1.757459e+05
median       1.748000e+04 2.486000e+00 8.100000e+01       2.014000e+03 2.017000e+03   1.000000e+00           4.260000e+00
mean         1.647339e+04 4.572853e+00 8.894297e+01       2.012343e+03 2.016697e+03   1.182820e+00           3.772180e+00
SE.mean      2.331401e+01 2.102039e-02 9.617159e-02       1.139568e-02 5.379162e-03   1.956961e-03           6.678222e-03
CI.mean.0.95 4.569559e+01 4.120009e-02 1.884969e-01       2.233560e-02 1.054352e-02   3.835669e-03           1.308941e-02
var          3.085150e+07 2.507979e+01 5.249718e+02       7.370939e+00 6.652823e-01   1.849705e-01           2.077851e+00
std.dev      5.554412e+03 5.007973e+00 2.291226e+01       2.714947e+00 8.156484e-01   4.300819e-01           1.441475e+00
coef.var     3.371748e-01 1.095153e+00 2.576062e-01       1.349147e-03 4.044476e-04   3.636074e-01           3.821332e-01
             bewertung_erreichbarkeit bewertung_zuverlaessigkeit bewertung_angebotsbeschreibung bewertung_kauferlebnis
nbr.val                  4.659000e+04               4.659000e+04                   4.659000e+04           4.659000e+04
nbr.null                 5.340000e+03               5.456000e+03                   5.386000e+03           6.586000e+03
nbr.na                   1.017000e+04               1.017000e+04                   1.017000e+04           1.017000e+04
min                      0.000000e+00               0.000000e+00                   0.000000e+00           0.000000e+00
max                      5.000000e+00               5.000000e+00                   5.000000e+00           5.000000e+00
range                    5.000000e+00               5.000000e+00                   5.000000e+00           5.000000e+00
sum                      1.792293e+05               1.760245e+05                   1.757613e+05           1.642512e+05
median                   4.340000e+00               4.330000e+00                   4.250000e+00           4.000000e+00
mean                     3.846947e+00               3.778162e+00                   3.772512e+00           3.525460e+00
SE.mean                  6.828772e-03               6.976603e-03                   6.785425e-03           7.490042e-03
CI.mean.0.95             1.338450e-02               1.367425e-02                   1.329953e-02           1.468059e-02
var                      2.172591e+00               2.267674e+00                   2.145096e+00           2.613733e+00
std.dev                  1.473971e+00               1.505880e+00                   1.464615e+00           1.616704e+00
coef.var                 3.831535e-01               3.985748e-01                   3.882332e-01           4.585797e-01
             anzahl_bewertungen prozentsatz_weiterempfehlungen          age
nbr.val            4.659000e+04                   4.659000e+04 5.676000e+04
nbr.null           5.225000e+03                   5.850000e+03 6.300000e+01
nbr.na             1.017000e+04                   1.017000e+04 0.000000e+00
min                0.000000e+00                   0.000000e+00 0.000000e+00
max                4.030000e+02                   1.000000e+02 1.300000e+02
range              4.030000e+02                   1.000000e+02 1.300000e+02
sum                4.670230e+05                   3.739057e+06 2.038069e+06
median             5.000000e+00                   9.700000e+01 1.700000e+01
mean               1.002410e+01                   8.025450e+01 3.590678e+01
SE.mean            8.159436e-02                   1.508229e-01 1.374798e-01
CI.mean.0.95       1.599262e-01                   2.956152e-01 2.694612e-01
var                3.101794e+02                   1.059809e+03 1.072803e+03
std.dev            1.761191e+01                   3.255470e+01 3.275368e+01
coef.var           1.756956e+00                   4.056434e-01 9.121864e-01
