function() {
  save.image("autoscout24_160110.Rdata")
}
me Number of Rating Average Rating Overall Impression Rating Reachability Rating Reliability Rating
nbr.val           NA     4.179000e+03   4.179000e+03              4.179000e+03        4.179000e+03       4.179000e+03
nbr.null          NA     0.000000e+00   0.000000e+00              0.000000e+00        2.400000e+01       5.100000e+01
nbr.na            NA     0.000000e+00   0.000000e+00              0.000000e+00        0.000000e+00       0.000000e+00
min               NA     1.000000e+00   1.000000e+00              1.000000e+00        0.000000e+00       0.000000e+00
max               NA     4.030000e+02   5.000000e+00              5.000000e+00        5.000000e+00       5.000000e+00
range             NA     4.020000e+02   4.000000e+00              4.000000e+00        5.000000e+00       5.000000e+00
sum               NA     2.670100e+04   1.767356e+04              1.760001e+04        1.802256e+04       1.764501e+04
median            NA     3.000000e+00   4.400000e+00              4.400000e+00        4.500000e+00       4.500000e+00
mean              NA     6.389328e+00   4.229136e+00              4.211536e+00        4.312649e+00       4.222304e+00
SE.mean           NA     2.053954e-01   1.152762e-02              1.231689e-02        1.193382e-02       1.466941e-02
CI.mean           NA     4.026841e-01   2.260026e-02              2.414766e-02        2.339663e-02       2.875984e-02
var               NA     1.763005e+02   5.553303e-01              6.339784e-01        5.951564e-01       8.992854e-01
std.dev           NA     1.327782e+01   7.452049e-01              7.962276e-01        7.714638e-01       9.483066e-01
coef.var          NA     2.078125e+00   1.762073e-01              1.890587e-01        1.788840e-01       2.245946e-01
         Offer Description Rating Shopping Experience Rating Reccommendation Tendency
nbr.val              4.179000e+03               4.179000e+03             4.179000e+03
nbr.null             3.300000e+01               2.810000e+02             1.330000e+02
nbr.na               0.000000e+00               0.000000e+00             0.000000e+00
min                  0.000000e+00               0.000000e+00             0.000000e+00
max                  5.000000e+00               5.000000e+00             1.000000e+02
range                5.000000e+00               5.000000e+00             1.000000e+02
sum                  1.745723e+04               1.615191e+04             3.754920e+05
median               4.400000e+00               4.330000e+00             1.000000e+02
mean                 4.177370e+00               3.865018e+00             8.985212e+01
SE.mean              1.356772e-02               2.165928e-02             3.335209e-01
CI.mean              2.659994e-02               4.246371e-02             6.538784e-01
var                  7.692827e-01               1.960471e+00             4.648561e+02
std.dev              8.770876e-01               1.400168e+00             2.156052e+01
coef.var             2.099617e-01               3.622669e-01             2.399556e-01
